Known face encodings 
[[array([-0.12882696,  0.03204693,  0.07246958, -0.05946529, -0.11783539,
        0.1094745 , -0.01492778, -0.00995108,  0.2492089 , -0.13237406,
        0.13457157,  0.13530332, -0.25708842, -0.04098056,  0.03049452,
        0.14562058, -0.0517844 , -0.14153358, -0.11758818, -0.08323129,
        0.03487496,  0.09895858, -0.05258509,  0.00744822, -0.19769961,
       -0.34571448, -0.05734999, -0.06500289, -0.00423259, -0.12080151,
       -0.05179848,  0.07444217, -0.11489265, -0.03265288,  0.04279866,
        0.08691528, -0.03800843, -0.01504246,  0.21131989,  0.07020568,
       -0.21770044,  0.03917116,  0.05204272,  0.28255531,  0.21312729,
        0.01444932,  0.06635103, -0.03425794,  0.1592638 , -0.33395243,
        0.0503014 ,  0.12380514,  0.01963664,  0.07716627,  0.14511196,
       -0.19619435, -0.03594689,  0.1069621 , -0.18181407,  0.14334786,
        0.02884524, -0.17951587, -0.09504296, -0.02635272,  0.17077395,
        0.06854183, -0.11922287, -0.16504547,  0.21706139, -0.15656568,
       -0.01228639,  0.09560438, -0.12594157, -0.18671368, -0.25046411,
        0.09838359,  0.45094359,  0.22939058, -0.19963743,  0.06213407,
       -0.06573714, -0.00107981,  0.07628006,  0.09009904,  0.01742557,
       -0.02880438, -0.05189354,  0.04847841,  0.2282238 ,  0.06730551,
        0.01665767,  0.2759237 ,  0.09802768,  0.03148403,  0.04017649,
        0.09340958, -0.11670403, -0.10128009, -0.15439761, -0.05501141,
        0.04073885, -0.07652266,  0.09678283,  0.1322301 , -0.17301425,
        0.25434914, -0.04406297,  0.00917208, -0.00856699,  0.05531236,
       -0.0685547 ,  0.0080883 ,  0.1442779 , -0.24773045,  0.16117671,
        0.17448965,  0.01784842,  0.14166737,  0.04736988,  0.06905145,
        0.00522293, -0.00896989, -0.15993738, -0.10775945, -0.00833584,
       -0.04983758,  0.04951926,  0.06621054])]]
Face encoding
[-1.38633728e-01  1.28714979e-01  7.65711516e-02 -7.59522766e-02
 -2.17867136e-01  6.29915893e-02 -1.04337372e-03 -1.44057116e-02
  2.02678382e-01 -1.02981672e-01  2.15430200e-01  6.65372685e-02
 -2.35263884e-01 -7.71662146e-02  1.23442084e-01  1.48080543e-01
 -1.19729981e-01 -1.30976602e-01 -7.83840269e-02 -1.31064594e-01
 -4.56210505e-03  9.30194557e-02 -3.01939026e-02  3.11302971e-02
 -1.91151768e-01 -3.52438211e-01 -8.29585120e-02 -1.15437679e-01
  3.79295647e-02 -1.27547622e-01 -4.09328640e-02 -2.13425737e-02
 -1.17293566e-01 -8.33980665e-02 -1.12859327e-02  6.00123815e-02
 -1.00225016e-01 -8.83125439e-02  1.70423761e-01  2.79481597e-02
 -1.89116180e-01  5.51571026e-02  5.20489030e-02  3.15454721e-01
  2.21815169e-01 -1.49272652e-02  9.73923355e-02 -3.76617163e-03
  1.68860912e-01 -2.83801436e-01  1.00696363e-01  9.70078483e-02
  3.29477973e-02  6.83449283e-02  1.30277961e-01 -1.48831427e-01
 -5.76180592e-02  1.73356771e-01 -1.95744559e-01  1.16054907e-01
  7.40206614e-02 -9.94863883e-02 -6.30124211e-02 -8.10644552e-02
  2.03417584e-01  1.07651316e-01 -7.56986365e-02 -1.92165732e-01
  1.66081101e-01 -1.57822505e-01 -1.15406767e-01  8.31347704e-02
 -1.47124723e-01 -1.67237565e-01 -2.87282705e-01  1.30881011e-01
  4.02142882e-01  1.97465062e-01 -1.74965039e-01  1.47720156e-02
 -5.95002882e-02 -1.64107420e-02  5.87368160e-02  8.31027627e-02
  5.03146872e-02 -6.49675578e-02 -1.19765669e-01  4.77897823e-02
  2.40541816e-01 -2.79892515e-02  1.50015056e-02  2.76270419e-01
  1.06026798e-01 -5.60414046e-05  3.33145335e-02  8.87402445e-02
 -1.38601676e-01 -4.15817462e-02 -1.18417524e-01 -4.00388092e-02
  6.03917651e-02 -1.12292215e-01  1.39514990e-02  1.00615494e-01
 -2.22975433e-01  2.82920748e-01 -6.08815160e-03  1.26854619e-02
 -7.41033182e-02 -1.80147458e-02 -4.87339869e-02  4.21772525e-02
  1.80182591e-01 -2.44839013e-01  1.89501882e-01  1.95875809e-01
  2.13324279e-02  1.83567896e-01  2.45254878e-02  2.36957483e-02
 -2.06245668e-02 -4.80139367e-02 -1.65238559e-01 -1.01207033e-01
 -1.36150587e-02 -3.85406911e-02  3.29542980e-02  1.23364672e-01]
Face distances :
[[9.80676711e-03 9.66680497e-02 4.10156697e-03 1.64869875e-02
  1.00031748e-01 4.64829057e-02 1.38844084e-02 4.45463322e-03
  4.65305150e-02 2.93923914e-02 8.08586329e-02 6.87660500e-02
  2.18245387e-02 3.61856557e-02 9.29475650e-02 2.45995820e-03
  6.79455809e-02 1.05569810e-02 3.92041579e-02 4.78333086e-02
  3.94370658e-02 5.93912601e-03 2.23911852e-02 2.36820807e-02
  6.54783845e-03 6.72373176e-03 2.56085247e-02 5.04347906e-02
  4.21621501e-02 6.74611330e-03 1.08656138e-02 9.57847442e-02
  2.40091980e-03 5.07451817e-02 5.40845972e-02 2.69028954e-02
  6.22165911e-02 7.32700881e-02 4.08961326e-02 4.22575213e-02
  2.85842568e-02 1.59859434e-02 6.18398190e-06 3.28994095e-02
  8.68788362e-03 2.93765850e-02 3.10413092e-02 3.04917693e-02
  9.59710777e-03 5.01509905e-02 5.03949597e-02 2.67972872e-02
  1.33111551e-02 8.82133842e-03 1.48340017e-02 4.73629236e-02
  2.16711685e-02 6.63946718e-02 1.39304847e-02 2.72929519e-02
  4.51754257e-02 8.00294802e-02 3.20305377e-02 5.47117312e-02
  3.26436311e-02 3.91094834e-02 4.35242355e-02 2.71202624e-02
  5.09802848e-02 1.25682354e-03 1.03120379e-01 1.24696046e-02
  2.11831480e-02 1.94761157e-02 3.68185937e-02 3.24974209e-02
  4.88007069e-02 3.19255143e-02 2.46723890e-02 4.73620528e-02
  6.23684749e-03 1.53309335e-02 1.75432488e-02 6.99628145e-03
  3.28891184e-02 3.61631736e-02 6.78721331e-02 6.88627362e-04
  1.23180151e-02 9.52947568e-02 1.65616348e-03 3.46720219e-04
  7.99912214e-03 3.15400716e-02 6.86195493e-03 4.66933101e-03
  2.18976438e-02 5.96983396e-02 3.59800830e-02 1.49725974e-02
  1.96529143e-02 3.57695520e-02 8.28313343e-02 3.16146091e-02
  4.99611795e-02 2.85716057e-02 3.79748167e-02 3.51337902e-03
  6.55363286e-02 7.33271074e-02 1.98207125e-02 3.40889487e-02
  3.59046906e-02 2.89143622e-03 2.83251703e-02 2.13861614e-02
  3.48400697e-03 4.19005305e-02 2.28443872e-02 4.53557037e-02
  2.58474974e-02 3.90440440e-02 5.30117750e-03 6.55241311e-03
  5.27921785e-03 1.12968870e-02 1.65649615e-02 5.71541339e-02]]
best index
42
